NOHWPW
30
36
31
35
33
31
25
33
31
36
25
33
32
31
34
31
35
35
34
36
34
35
37
37
37
34
22
28
23
22
27
24
29
24
19
25
25
24
23
25
19
31
32
34
32
38
32
32
37
32
30
35
30
33
32
34
22
27
32
33
33
36
33
26
32
30
36
35
28
27
27
26
31
27
34
29
28
18
33
36
24
39
34
38
31
29
35
25
36
33
28
34
32
27
35
35
29
32
36
29
40
35
30
30
27
33
30
29
29
34
31
31
37
31
34
30
22
29
29
30
24
31
35
30
36
31
28
25
33
30
34
30
35
32
27
31
39
37
33
27
31
29
32
32
34
28
29
34
33
26
34
28
28
28
29
27
31
33
28
31
32
35
32
38
32
33
36
33
36
35
36
35
29
24
