Age
53
47
55
45
45
51
57
45
47
39
57
46
49
46
44
49
42
41
39
43
44
43
43
39
43
44
57
55
54
57
54
58
46
56
62
53
56
55
56
55
63
51
48
43
49
34
48
50
39
51
50
39
52
49
49
47
63
59
55
50
48
45
47
57
48
56
45
46
48
53
50
49
46
52
40
51
51
61
45
41
55
39
43
42
49
46
41
58
31
42
53
42
43
57
42
39
44
50
35
48
32
38
51
53
51
43
47
53
52
46
46
51
39
49
45
46
56
47
51
49
54
45
44
52
40
47
48
55
49
47
41
49
44
49
51
48
44
47
48
50
44
48
42
44
40
50
45
34
39
47
45
47
51
51
49
53
47
37
48
51
51
37
50
40
49
45
44
48
42
42
45
44
52
59
